100000001
011001000
100011111
011010000
001101001
011100000
100000001
000001001
011001000
001101001
011011000
100000011
000000001
011001000
000111100
011101000
000111011
000100101
011110000
011000100
000010101
011111000
111110000
000101011
000011011
000110111
011111000
000111100
011101000
111110000
000101011
000111000
000100101
011101000
000100110
011110000
011000101
000110111
001100010
100000001
000001010
011010000
100001110
000101011
000010100
011111000
100000001
000101011
000010011
000110111
011111000
000111100
011101000
110001110
000101011
000111000
000100101
011101000
000100110
011110000
011000101
000010100
000110111
011111000
100000110
000101100
000111000
011101000
101101101
000101011
000111000
000100101
011101000
000100110
011110000
011000101
000010010
000110111
011111000
100000101
000101100
000111000
011101000
101011011
000101011
000111000
000100101
011101000
000100110
000110111
011111000
011000101
000010001
000110111
001100010
100000011
000000010
011010000
100011111
010000001
100000100
001001000
000000000