100000000
011001000
100100000
001101000
011010000
001101001
011011000
100000000
011101000
011110000
011111000
100000000
011100000
111111000
000101011
010000010
100100010
001001000
100000001
000000101
011101000
100000001
000000111
011111000
110000000
010000110
100100010
001010000
100000001
000000110
011110000
110000000
000110110
011110000
100000001
000000100
011100000
011000011
000010001
011011000
100000100
010000100
100001101
001001000
101111111
000101110
011110000
100000001
000000001
011001000
100100000
010000001
101101100
001000000
001101001
011100000
110000000
000101100
000011100
000110011
010000010
101000010
001001000
100000001
000000111
011111000
011000011
000010001
011011000
111000000
000101100
000011011
000110011
010000010
101001111
001001000
100000001
000000111
011111000
011000011
000010001
011011000
111100000
000101100
000011010
000110011
010000010
101011100
001001000
100000001
000000111
011111000
011000011
000010001
011011000
111110000
000101100
000011001
000110011
010000010
101101001
001001000
100000001
000000111
011111000
011011100
100001011
001011000
100100001
011001000
011000101
001100001
100100010
011001000
011000110
001100001
100100011
011001000
011000111
001100001
000000000