100011111
011001000
100000001
011010000
001101001
011100000
100000001
000001001
011001000
001101001
011011000
100000011
000000001
011001000
111111110
000101100
000111000
000010100
011111000
111110000
000101100
000111000
011101000
111100000
000101011
000111000
000100101
000010011
000110111
011111000
111001100
000101100
000111000
011101000
111001000
000101011
000111000
000100101
000010010
000110111
011111000
110101010
000101100
000111000
011101000
110101000
000101011
000111000
000100101
000010001
000110111
011111000
111111110
000101100
000111000
011101000
111101000
000101011
000111000
000100101
011101000
000111111
000100101
000110111
011111000
100000001
000101100
000010100
011110000
100010000
000101011
000011001
000110110
011110000
100000111
000101011
000110110
011110000
000111011
011101000
000111100
000100101
011101000
100000001
010000101
101110001
001001000
101000000
011101000
011000110
000011001
011110000
011000111
000011001
000100110
011110000
100001000
010110000
101101100
001010000
100001000
000001110
011110000
011000100
001110110
011100000
101111010
001011000
011000011
001110110
011011000
101111010
001011000
010110111
101111000
001001000
100000000
011101000
101111010
001011000
110000000
011101000
011000100
000011101
000110101
001100010
100000001
000001010
011010000
100011110
000101100
000010011
011101000
111100000
000101011
000011100
000110101
011101000
100001000
000101011
000011011
000110101
001100010
100000011
000000010
011010000
100111101
010000001
100000100
001001000
000000000